Base: 3.14
Shoulder: 3.6778498611256336
Shoulder_shadow: 3.676315505739265
Elbow: 1.155369605935587
Wrist: 3.2296268563296833
Gripper: 3.1214